1.691856805437101652e-01 1.698079848293609362e-01 1.525478627911157625e-01 -4.250961442603948814e-01
1.297466959702059108e-01 2.047590874911985881e-01 1.589238886681487439e-01 -3.001082538225890439e-01
9.030771139670167036e-02 2.397101901530362400e-01 1.652999145451817531e-01 -1.751203633847832064e-01
5.086872682319743683e-02 2.746612928148738919e-01 1.716759404222147345e-01 -5.013247294697742440e-02
1.142974224969319288e-02 3.096123954767115438e-01 1.780519662992477159e-01 7.485541749082839924e-02
-2.800924232381106146e-02 3.445634981385491957e-01 1.844279921762807251e-01 1.998433079286342506e-01
-6.744822689731527765e-02 3.795146008003868476e-01 1.908040180533137065e-01 3.248311983664400326e-01
-1.068872114708195042e-01 4.144657034622244995e-01 1.971800439303466879e-01 4.498190888042457591e-01
-1.463261960443237586e-01 4.494168061240621515e-01 2.035560698073796693e-01 5.748069792420515967e-01
-1.857651806178279852e-01 4.843679087858997478e-01 2.099320956844126784e-01 6.997948696798573787e-01
