-9.683318734169006348e-01 2.244556248188018799e-01 1.337665319442749023e+00 8.899664878845214844e-02 2.565816938877105713e-01 3.994699120521545410e-01 1.012871265411376953e+00 9.349424839019775391e-01
-5.478355884552001953e-01 5.912299752235412598e-01 1.739370465278625488e+00 -1.150568723678588867e-01 -2.860571146011352539e-01 -4.351921379566192627e-02 -2.599894702434539795e-01 1.025312423706054688e+00
1.191970825195312500e+00 -6.798523068428039551e-01 1.721000194549560547e+00 9.429557919502258301e-01 2.162924408912658691e-01 4.183939099311828613e-01 3.703788816928863525e-01 2.999258339405059814e-01
-3.766542077064514160e-01 -5.684657692909240723e-01 1.521803498268127441e+00 -7.878937125205993652e-01 2.540989518165588379e-01 2.011328190565109253e-01 8.694142103195190430e-03 -1.799911260604858398e-01
1.773502975702285767e-01 7.935374975204467773e-02 1.716338872909545898e+00 2.450246214866638184e-01 8.590534329414367676e-01 -6.920512914657592773e-01 -5.125049352645874023e-01 -6.213819980621337891e-02
-1.294312477111816406e-01 -1.381434202194213867e-01 1.905057191848754883e+00 1.020075321197509766e+00 -1.852278858423233032e-01 2.465710490942001343e-01 3.182505667209625244e-01 -7.926282882690429688e-01
3.220875263214111328e-01 3.576708137989044189e-01 1.830019474029541016e+00 1.762628555297851562e-03 -1.676044613122940063e-01 -7.401158809661865234e-01 9.341139793395996094e-01 -3.934678435325622559e-02
-8.597409725189208984e-01 2.423721402883529663e-01 -1.599664688110351562e-01 -5.560742020606994629e-01 -9.779394268989562988e-01 5.158124566078186035e-01 -1.149232506752014160e+00 2.020734399557113647e-01
-8.841386437416076660e-01 4.522786438465118408e-01 -5.169740319252014160e-02 -1.236659884452819824e-01 -8.772262930870056152e-01 -1.258487105369567871e+00 5.489102602005004883e-01 7.397304773330688477e-01
8.174461126327514648e-01 5.382602214813232422e-01 -1.363499879837036133e+00 -2.096857428550720215e-01 3.189542591571807861e-01 -1.145477414131164551e+00 7.622629404067993164e-01 1.476455032825469971e-01
8.659927845001220703e-01 5.940076112747192383e-01 -1.148470759391784668e+00 -1.132262945175170898e-01 -9.570026993751525879e-01 1.970448940992355347e-01 4.142079055309295654e-01 1.557795166969299316e+00
8.697571754455566406e-01 1.188664674758911133e+00 2.955108880996704102e-03 -7.802188992500305176e-01 -1.659376174211502075e-01 2.335573285818099976e-01 9.925833344459533691e-02 1.643437296152114868e-01
-8.081881403923034668e-01 -4.486412405967712402e-01 -1.299659967422485352e+00 5.973301529884338379e-01 6.964262723922729492e-01 -4.613251090049743652e-01 5.225169658660888672e-01 -1.200873851776123047e+00
-7.772262394428253174e-02 -5.072665810585021973e-01 -1.195571422576904297e+00 2.592648267745971680e-01 -1.089266538619995117e+00 6.842536926269531250e-01 9.567605257034301758e-01 -3.316541612148284912e-01
4.295985102653503418e-01 -9.638180136680603027e-01 -1.005681514739990234e+00 6.698721051216125488e-01 -5.216262936592102051e-01 -2.934974431991577148e-01 -2.742345929145812988e-01 -1.287949383258819580e-01
1.449316293001174927e-01 -1.789274811744689941e-02 -1.197044014930725098e+00 -3.413459658622741699e-01 -8.785320818424224854e-02 -3.383563756942749023e-01 -5.660148859024047852e-01 -7.913558483123779297e-01
-2.234870493412017822e-01 -2.254242897033691406e-01 -1.426147699356079102e+00 5.791101455688476562e-01 8.059539794921875000e-01 -3.450016081333160400e-01 -1.095562934875488281e+00 7.539710998535156250e-01
-4.232433140277862549e-01 -3.873590230941772461e-01 -1.503957271575927734e+00 -4.293596148490905762e-01 7.155105471611022949e-01 3.492750227451324463e-02 3.304086923599243164e-01 8.898891210556030273e-01
4.729859232902526855e-01 9.665299952030181885e-02 -1.418851375579833984e+00 6.664838194847106934e-01 9.254739284515380859e-01 6.053690314292907715e-01 5.511293411254882812e-01 -1.561335325241088867e-01
-4.592585563659667969e-01 1.310191154479980469e+00 -1.457917451858520508e+00 6.640434861183166504e-01 -1.375692933797836304e-01 4.065853953361511230e-01 7.051569223403930664e-02 -7.744222879409790039e-02
