7.783401066064987717e-02 -1.566899644410909787e+00 -1.292934173162742229e-02 -6.255932577033140873e-02 4.770174086926326495e-02 7.778204064071170265e-02 -1.209102035520174923e+00 -4.703760285709746025e-02 1.585047771460810218e-01 6.667202928047649690e-02
6.297000822372698925e-02 -1.174780966635046831e+00 -1.339584267489055472e-02 -6.122233015959667457e-02 5.239523428190489412e-02 6.918915352176900624e-02 -8.912297997473074274e-01 -4.354832280423477642e-02 1.496769716908602776e-01 6.591710744841518255e-02
4.810600578680410827e-02 -7.826622888591840965e-01 -1.386234361815368715e-02 -5.988533454886194041e-02 5.708872769454652329e-02 6.059626640282630983e-02 -5.733575639744401542e-01 -4.005904275137209258e-02 1.408491662356395335e-01 6.516218561635386819e-02
3.324200334988122729e-02 -3.905436110833213070e-01 -1.432884456141681959e-02 -5.854833893812719930e-02 6.178222110718815246e-02 5.200337928388362035e-02 -2.554853282015728810e-01 -3.656976269850941569e-02 1.320213607804187894e-01 6.440726378429256771e-02
1.837800091295833244e-02 1.575066692541607360e-03 -1.479534550467995202e-02 -5.721134332739246514e-02 6.647571451982978163e-02 4.341049216494092394e-02 6.238690757129458642e-02 -3.308048264564673185e-02 1.231935553251980314e-01 6.365234195223125335e-02
3.513998476035444518e-03 3.936937444684045495e-01 -1.526184644794308445e-02 -5.587434771665773098e-02 7.116920793247141774e-02 3.481760504599822753e-02 3.802591433441620539e-01 -2.959120259278404802e-02 1.143657498699772873e-01 6.289742012016993900e-02
-1.135000396088743299e-02 7.858124222442671725e-01 -1.572834739120621689e-02 -5.453735210592299681e-02 7.586270134511303997e-02 2.622471792705553806e-02 6.981313791170291605e-01 -2.610192253992136766e-02 1.055379444147565432e-01 6.214249828810863158e-02
-2.621400639781032438e-02 1.177931100020130017e+00 -1.619484833446934932e-02 -5.320035649518825571e-02 8.055619475775467608e-02 1.763183080811284165e-02 1.016003614889896767e+00 -2.261264248705868729e-02 9.671013895953579909e-02 6.138757645604731722e-02
-4.107800883473321230e-02 1.570049777795992973e+00 -1.666134927773248176e-02 -5.186336088445352155e-02 8.524968817039629831e-02 9.038943689170145235e-03 1.333875850662764151e+00 -1.912336243419600346e-02 8.788233350431504110e-02 6.063265462398600980e-02
-5.594201127165610021e-02 1.962168455571855930e+00 -1.712785022099561419e-02 -5.052636527371878739e-02 8.994318158303793442e-02 4.460565702274488231e-04 1.651748086435631535e+00 -1.563408238133331962e-02 7.905452804909429698e-02 5.987773279192469544e-02
