-8.629062982549474958e-02 -1.450156580737675394e-01 -6.954206500686591075e-02 7.654914212573837862e-02 -2.260608643423421160e+00 -2.483340457345507846e-02 -1.243802881765712458e-02 -2.183771356568239841e-01 -1.394799042719291338e-02 2.055671611434279344e-01
-6.661083474378236280e-02 -1.274752064169362431e-01 -6.687360888368797107e-02 6.710641369278656787e-02 -1.660354066308613152e+00 -2.118181110067860265e-02 -1.214285976660871291e-02 -1.565986702877172621e-01 -1.877224727279783872e-02 1.403330820504421483e-01
-4.693103966206997602e-02 -1.099347547601049885e-01 -6.420515276051003140e-02 5.766368525983475019e-02 -1.060099489193805145e+00 -1.753021762790212684e-02 -1.184769071556030125e-02 -9.482020491861059552e-02 -2.359650411840275713e-02 7.509900295745636223e-02
-2.725124458035758923e-02 -9.239430310327371998e-02 -6.153669663733209866e-02 4.822095682688293250e-02 -4.598449120789971367e-01 -1.387862415512565104e-02 -1.155252166451188958e-02 -3.304173954950390124e-02 -2.842076096400767554e-02 9.864923864470589998e-03
-7.571449498645195508e-03 -7.485385144644245148e-02 -5.886824051415415898e-02 3.877822839393111481e-02 1.404096650358110931e-01 -1.022703068234917349e-02 -1.125735261346347792e-02 2.873672581960281386e-02 -3.324501780961260089e-02 -5.536915522851520305e-02
1.210834558306719821e-02 -5.731339978961117604e-02 -5.619978439097621931e-02 2.933549996097929366e-02 7.406642421506193230e-01 -6.575437209572695951e-03 -1.096218356241506625e-02 9.051519118870951508e-02 -3.806927465521751930e-02 -1.206032343215009961e-01
3.178814066477957806e-02 -3.977294813277991448e-02 -5.353132826779827963e-02 1.989277152802748291e-02 1.340918819265427109e+00 -2.923843736796221011e-03 -1.066701451136665459e-02 1.522936565578161816e-01 -4.289353150082243771e-02 -1.858373134144867544e-01
5.146793574649198566e-02 -2.223249647594862516e-02 -5.086287214462033301e-02 1.045004309507565482e-02 1.941173396380235783e+00 7.277497359802591326e-04 -1.037184546031824292e-02 2.140721219269229592e-01 -4.771778834642736306e-02 -2.510713925074725683e-01
7.114773082820435857e-02 -4.692044819117363597e-03 -4.819441602144239334e-02 1.007314662123844073e-03 2.541427973495043346e+00 4.379343208756734940e-03 -1.007667640926983126e-02 2.758505872960296257e-01 -5.254204519203228840e-02 -3.163054716004583544e-01
9.082752590991675923e-02 1.284840683771390490e-02 -4.552595989826445366e-02 -8.435413770827980551e-03 3.141682550609851798e+00 8.030936681533210747e-03 -9.781507358221419590e-03 3.376290526651363200e-01 -5.736630203763720681e-02 -3.815395506934441405e-01
