1.523177266120910645e+00 7.505087256431579590e-01 -1.832812786102294922e+00 -5.375849604606628418e-01
1.858037948608398438e+00 9.965245723724365234e-01 -1.418262720108032227e+00 -5.519517064094543457e-01
2.019045114517211914e+00 6.911661028861999512e-01 -1.544576406478881836e+00 -9.306659698486328125e-01
1.516241908073425293e+00 1.374270439147949219e+00 -1.765572547912597656e+00 -7.135324478149414062e-01
1.617810845375061035e+00 1.538084030151367188e+00 -1.389923334121704102e+00 -3.967932462692260742e-01
1.768963694572448730e+00 1.665451407432556152e+00 -1.364403009414672852e+00 -7.815219759941101074e-01
1.189295649528503418e+00 1.833748817443847656e+00 -1.754688024520874023e+00 -3.041568994522094727e-01
1.102690339088439941e+00 1.206806898117065430e+00 -2.045647144317626953e+00 -5.931807756423950195e-01
1.321727871894836426e+00 1.299159646034240723e+00 -1.853567242622375488e+00 -1.903111934661865234e-01
-1.974021673202514648e+00 2.803617119789123535e-01 1.595376968383789062e+00 -5.328820943832397461e-01
-1.441880583763122559e+00 1.974650174379348755e-01 2.269921779632568359e+00 -7.953692674636840820e-01
-1.807728290557861328e+00 -2.723861932754516602e-01 1.815596222877502441e+00 -5.601136684417724609e-01
-1.290794968605041504e+00 -4.593768119812011719e-01 2.112376213073730469e+00 -6.271799802780151367e-01
-1.417725682258605957e+00 -2.928244471549987793e-01 1.827204704284667969e+00 -5.061166286468505859e-01
-2.011330842971801758e+00 -5.544872879981994629e-01 1.307083964347839355e+00 -9.374231100082397461e-01
-1.749395012855529785e+00 -1.858902126550674438e-01 1.841188192367553711e+00 -1.173073768615722656e+00
-1.364878535270690918e+00 -6.308335065841674805e-01 2.096628189086914062e+00 -1.155329465866088867e+00
-1.362775683403015137e+00 -9.744220972061157227e-01 1.620744228363037109e+00 -8.135710954666137695e-01
-1.597522974014282227e+00 -6.272555589675903320e-01 1.761505603790283203e+00 -8.956235647201538086e-01
-1.655178546905517578e+00 -7.426784038543701172e-01 1.582757711410522461e+00 -1.229729533195495605e+00
