0.309463 -0.013165 -0.097390 -0.072197 0.224967 0.873728 -0.013514 -0.114636 0.257553 -1.137436
0.073381 -0.025840 -0.234361 -0.093134 0.145064 -0.459583 0.043904 0.144293 0.209226 -0.386276
0.052090 -0.345210 -0.062465 -0.315166 0.211276 -0.793324 0.119626 -0.080627 0.246702 1.749826
0.312852 -0.158415 -0.133185 0.188376 0.077535 -0.114660 0.011935 0.056391 0.360932 0.505770
0.032156 0.090946 0.229801 -0.095333 0.153006 0.105979 0.031841 -0.264047 0.551577 -0.742754
-0.141907 -0.328953 -0.056354 0.591872 0.124981 -1.946789 -0.043279 0.174610 0.227958 1.828167
-0.108030 -0.171495 -0.047551 0.187193 0.099367 -1.192225 0.052905 0.057232 0.160023 1.762068
0.010953 0.014279 0.011432 -0.091548 0.003346 -0.609391 0.063773 0.024872 0.080062 1.544083
-0.040361 -0.129995 0.029086 0.203473 -0.039717 -0.635621 -0.019388 0.032283 0.149056 0.102228
0.066227 -0.030468 0.084857 -0.017094 -0.142298 -0.185617 0.016724 -0.075096 0.025001 -0.305616
-0.115776 -0.251482 -0.036840 0.249258 0.109827 0.392710 0.002694 0.039187 0.181809 -1.184580
0.065534 0.023343 0.048211 -0.097198 -0.005778 1.047576 0.018249 0.012738 0.042692 -1.193318
0.277705 0.358369 0.154863 -0.377555 -0.262700 1.691199 0.048398 -0.028769 -0.038676 -1.246763
