3.857874389286308769e-01 -5.586695582919887215e-01 3.961459740179995581e-02 9.194434426268536242e-01 9.424752995338963046e-01 -2.068099141003285624e-01 1.950001997082519978e-01 -8.340681162932561676e-01
2.940332582933457006e-01 -4.254352403135384098e-01 3.357971897271695705e-02 7.289603897781782305e-01 7.326278911894898993e-01 -1.687711850832761817e-01 1.717493450187791426e-01 -6.238541632135053971e-01
2.022790776580604966e-01 -2.922009223350880425e-01 2.754484054363395482e-02 5.384773369295028367e-01 5.227804828450833829e-01 -1.307324560662237733e-01 1.484984903293062597e-01 -4.136402101337546267e-01
1.105248970227752925e-01 -1.589666043566376752e-01 2.150996211455095258e-02 3.479942840808274984e-01 3.129330745006768111e-01 -9.269372704917136496e-02 1.252476356398333768e-01 -2.034262570540038562e-01
1.877071638749011617e-02 -2.573228637818736342e-02 1.547508368546795382e-02 1.575112312321521324e-01 1.030856661562703780e-01 -5.465499803211897739e-02 1.019967809503605216e-01 6.787696025746872697e-03
-7.298346424779506014e-02 1.075020316002629484e-01 9.440205256384955057e-03 -3.297182161652320587e-02 -1.067617421881360829e-01 -1.661626901506658288e-02 7.874592626088766645e-02 2.170016491054976293e-01
-1.647376448830802920e-01 2.407363495787133434e-01 3.405326827301951090e-03 -2.234548744651986829e-01 -3.166091505325426270e-01 2.142246000198582551e-02 5.549507157141478353e-02 4.272156021852484553e-01
-2.564918255183654683e-01 3.739706675571636829e-01 -2.629551601781047673e-03 -4.139379273138740212e-01 -5.264565588769490878e-01 5.946118901903821308e-02 3.224421688194192143e-02 6.374295552649992258e-01
-3.482460061536506446e-01 5.072049855356139947e-01 -8.664430030864048171e-03 -6.044209801625493039e-01 -7.363039672213556042e-01 9.749991803609062146e-02 8.993362192469059324e-03 8.476435083447498853e-01
-4.400001867889358209e-01 6.404393035140643065e-01 -1.469930845994704693e-02 -7.949040330112246977e-01 -9.461513755657620095e-01 1.355386470531430021e-01 -1.425749249700380972e-02 1.057857461424500656e+00
