1.078654229640960693e-01 8.582577109336853027e-01 4.121240973472595215e-01 3.973099887371063232e-01
-1.157434731721878052e-01 6.804863214492797852e-01 2.493452578783035278e-01 7.773877382278442383e-01
5.336756110191345215e-01 4.806553125381469727e-01 -4.890146479010581970e-02 3.308340609073638916e-01
8.171208202838897705e-02 4.295240342617034912e-01 -1.480371505022048950e-01 7.080826759338378906e-01
3.433154523372650146e-02 5.932615995407104492e-01 -2.966561913490295410e-01 2.253405600786209106e-01
-5.351336598396301270e-01 -4.366151988506317139e-02 1.947129219770431519e-01 5.709362030029296875e-01
-5.473935008049011230e-01 4.211692512035369873e-01 2.655099332332611084e-01 2.995635569095611572e-01
-4.702194631099700928e-01 4.111025631427764893e-01 6.156480312347412109e-01 2.640417218208312988e-01
4.133727848529815674e-01 7.815533280372619629e-01 2.017461210489273071e-01 -2.130139023065567017e-01
-1.131908670067787170e-01 -3.005101084709167480e-01 2.420554608106613159e-01 2.205535918474197388e-01
-3.448476791381835938e-01 -1.312370896339416504e-01 3.707323968410491943e-01 -2.028628736734390259e-01
4.656888842582702637e-01 6.641185283660888672e-02 4.145198464393615723e-01 -1.388671398162841797e-01
4.340098798274993896e-01 2.685782015323638916e-01 -8.961434662342071533e-02 -1.498209834098815918e-01
3.472482413053512573e-02 -1.616701483726501465e-02 5.696047842502593994e-02 -7.186643779277801514e-02
1.256099045276641846e-01 2.034263908863067627e-01 8.358152210712432861e-02 -4.092056155204772949e-01
8.540892601013183594e-02 1.174641251564025879e-01 2.950579524040222168e-01 3.443026840686798096e-01
9.850828349590301514e-02 3.970781564712524414e-01 1.730190664529800415e-01 1.410894244909286499e-01
-2.149329036474227905e-01 2.484006285667419434e-01 6.292828917503356934e-02 1.609959304332733154e-01
-7.378537207841873169e-02 3.104203343391418457e-01 5.708705782890319824e-01 -2.592778205871582031e-01
-1.938027739524841309e-01 4.829138219356536865e-01 1.083082109689712524e-01 -1.766650378704071045e-01
