7.135231030957574216e-02 9.971449617301778034e-02 1.798389545852013272e-01 -1.569837192816385674e-01
5.306285812093310128e-02 1.541278263032456741e-01 1.885600760866468495e-01 -7.819665869119130086e-02
3.477340593229047427e-02 2.085411564334735401e-01 1.972811975880923996e-01 5.904018992559101342e-04
1.648395374364784727e-02 2.629544865637014617e-01 2.060023190895379219e-01 7.937746248970314888e-02
-1.805498444994788412e-03 3.173678166939293277e-01 2.147234405909834720e-01 1.581645230801504154e-01
-2.009495063363742062e-02 3.717811468241572492e-01 2.234445620924290221e-01 2.369515836705976819e-01
-3.838440282228004763e-02 4.261944769543850597e-01 2.321656835938745722e-01 3.157386442610449206e-01
-5.667385501092269545e-02 4.806078070846130368e-01 2.408868050953200945e-01 3.945257048514921872e-01
-7.496330719956531552e-02 5.350211372148409028e-01 2.496079265967656446e-01 4.733127654419393981e-01
-9.325275938820794253e-02 5.894344673450687688e-01 2.583290480982111670e-01 5.520998260323866091e-01
