-1.155993014313735912e-01 -8.255646286457127281e-03 6.577549239405200421e-02 -6.648502446784924913e-02 -2.321469688892868533e+00 -1.241682335867224651e-01 1.287917727565794923e-01 -3.429383931792884255e-01 1.248697004313546743e-02 1.452769000612819661e-01
-8.874093448699861553e-02 -2.529426528967921445e-02 6.619046532945258021e-02 -6.794056333561192262e-02 -1.708016224311783793e+00 -1.089343033117423643e-01 1.265708081178009980e-01 -2.629166800928722791e-01 3.588691851785758002e-02 7.960130139604867927e-02
-6.188256754262363990e-02 -4.233288429290129468e-02 6.660543826485317009e-02 -6.939610220337459612e-02 -1.094562759730699275e+00 -9.370037303676229112e-02 1.243498434790225038e-01 -1.828949670064561328e-01 5.928686699257967874e-02 1.392570273081539245e-02
-3.502420059824867121e-02 -5.937150329612338184e-02 6.702041120025375998e-02 -7.085164107113726961e-02 -4.811092951496149794e-01 -7.846644276178220412e-02 1.221288788402440095e-01 -1.028732539200400281e-01 8.268681546730177745e-02 -5.174989593441789437e-02
-8.165833653873686912e-03 -7.641012229934547595e-02 6.743538413565434986e-02 -7.230717993889995698e-02 1.323441694314695938e-01 -6.323251248680210324e-02 1.199079142014655153e-01 -2.285154083362388178e-02 1.060867639420238900e-01 -1.174254945996512089e-01
1.869253329050129392e-02 -9.344874130256755618e-02 6.785035707105492586e-02 -7.376271880666263048e-02 7.457976340125541670e-01 -4.799858221182201623e-02 1.176869495626870210e-01 5.717017225279226456e-02 1.294867124167460026e-01 -1.831010932648844958e-01
4.555090023487625567e-02 -1.104873603057896364e-01 6.826533000645551574e-02 -7.521825767442530397e-02 1.359251098593638352e+00 -3.276465193684194310e-02 1.154659849239085267e-01 1.371918853392083415e-01 1.528866608914681013e-01 -2.487766919301177548e-01
7.240926717925123823e-02 -1.275259793090117166e-01 6.868030294185610563e-02 -7.667379654218797747e-02 1.972704563174722869e+00 -1.753072166186184916e-02 1.132450202851300325e-01 2.172135984256244878e-01 1.762866093661902001e-01 -3.144522905953510694e-01
9.926763412362622774e-02 -1.445645983122338107e-01 6.909527587725669551e-02 -7.812933540995066484e-02 2.586158027755807609e+00 -2.296791386881762154e-03 1.110240556463515244e-01 2.972353115120406342e-01 1.996865578409123265e-01 -3.801278892605843840e-01
1.261260010680012034e-01 -1.616032173154559048e-01 6.951024881265727151e-02 -7.958487427771333833e-02 3.199611492336892127e+00 1.293713888809833179e-02 1.088030910075730301e-01 3.772570245984567805e-01 2.230865063156344252e-01 -4.458034879258176986e-01
