3.820119652670206367e-02 6.010882496245811835e-02 -1.820816641263810709e+00 2.490496559784421970e-02 -1.571126581151098545e-03 -9.365913036859657703e-03 -4.365463892396981294e-02 1.070941378664524990e-02
2.296996643187261544e-02 5.500907956201916971e-02 -1.383325905562453162e+00 3.455375264774895872e-02 -8.277693378219569409e-04 -1.578085283148317197e-02 -1.158308720619889709e-02 3.404642234630550490e-02
7.738736337043174152e-03 4.990933416158022107e-02 -9.458351698610958369e-01 4.420253969765369773e-02 -8.441209449281533717e-05 -2.219579262610668624e-02 2.048846451157201876e-02 5.738343090596575991e-02
-7.492493757786267139e-03 4.480958876114127243e-02 -5.083444341597385119e-01 5.385132674755843674e-02 6.589451488363262666e-04 -2.861073242073020051e-02 5.256001622934292072e-02 8.072043946562601491e-02
-2.272372385261571190e-02 3.970984336070232379e-02 -7.085369845838103420e-02 6.350011379746317575e-02 1.402302392165468087e-03 -3.502567221535371478e-02 8.463156794711383657e-02 1.040574480252862699e-01
-3.795495394744516360e-02 3.461009796026337515e-02 3.666370372429764157e-01 7.314890084736791476e-02 2.145659635494609474e-03 -4.144061200997722905e-02 1.167031196648847524e-01 1.273944565849465249e-01
-5.318618404227459795e-02 2.951035255982442651e-02 8.041277729443336852e-01 8.279768789727265377e-02 2.889016878823751078e-03 -4.785555180460074332e-02 1.487746713826556544e-01 1.507314651446067799e-01
-6.841741413710406006e-02 2.441060715938547440e-02 1.241618508645691454e+00 9.244647494717739278e-02 3.632374122152893115e-03 -5.427049159922425758e-02 1.808462231004265841e-01 1.740684737042670349e-01
-8.364864423193349441e-02 1.931086175894652923e-02 1.679109244347048557e+00 1.020952619970821318e-01 4.375731365482034285e-03 -6.068543139384777185e-02 2.129177748181974861e-01 1.974054822639272899e-01
-9.887987432676292876e-02 1.421111635850758059e-02 2.116599980048405882e+00 1.117440490469868708e-01 5.119088608811175889e-03 -6.710037118847128612e-02 2.449893265359683880e-01 2.207424908235875449e-01
