-0.095494 0.060298 0.023202 0.084354 -0.109240 1.359272 0.126116 0.058163 0.221555 -1.362934
0.269111 -0.167470 0.035743 0.040531 0.031736 -0.971310 -0.231309 -0.019767 -0.117908 -0.403268
-0.095494 0.060298 0.023202 0.084354 -0.109240 1.359272 0.126116 0.058163 0.221555 -1.362934
0.029514 -0.024885 0.042350 -0.027760 0.015514 0.909348 0.010525 0.025460 0.078864 -1.201258
0.275915 -0.095804 0.033044 -0.195931 0.133534 0.474500 -0.165719 -0.036300 -0.156639 -1.111759
-0.358496 -0.075913 0.056945 0.395181 -0.270829 0.128974 0.211849 -0.054180 0.387699 -0.394414
-0.023270 -0.104575 0.071647 0.134026 -0.120594 -0.364550 0.023246 -0.024796 0.108593 -0.352031
0.269111 -0.167470 0.035743 0.040531 0.031736 -0.971310 -0.231309 -0.019767 -0.117908 -0.403268
0.309463 -0.013165 -0.097390 -0.072197 0.224967 0.873728 -0.013514 -0.114636 0.257553 -1.137436
0.032156 0.090946 0.229801 -0.095333 0.153006 0.105979 0.031841 -0.264047 0.551577 -0.742754
0.043151 -0.025378 0.033173 -0.027633 0.003817 0.943272 -0.001143 0.024040 0.061392 -1.225804
-0.002925 -0.113391 0.061631 0.149209 -0.113284 -0.438247 -0.010852 -0.022457 0.096296 -0.364730
0.047187 -0.008157 0.038345 -0.036146 0.008585 0.941681 0.013275 0.019312 0.078582 -1.226738
0.004091 -0.115933 0.063077 0.140608 -0.098433 -0.436348 -0.009044 -0.032267 0.089255 -0.372302
0.072106 -0.101912 -0.004105 0.079094 0.062185 -1.415038 -0.031630 0.025138 0.024828 1.969525
0.257911 -0.101546 0.031584 -0.171325 0.118478 0.423415 -0.159681 -0.041574 -0.141499 -1.075557
0.072106 -0.101912 -0.004105 0.079094 0.062185 -1.415038 -0.031630 0.025138 0.024828 1.969525
-0.019622 -0.048246 -0.017431 -0.012483 0.054280 -0.807631 0.055910 0.035105 0.094535 1.682116
-0.156077 0.020508 0.003412 0.039535 -0.040228 -0.293137 0.180891 0.062498 0.255945 1.416288
0.233354 -0.161444 0.039363 0.057444 0.021589 -0.916691 -0.202476 -0.012199 -0.089638 -0.372034
-0.090094 -0.095244 0.072950 0.180647 -0.155278 -0.269946 0.066756 -0.028636 0.167367 -0.342103
0.257911 -0.101546 0.031584 -0.171325 0.118478 0.423415 -0.159681 -0.041574 -0.141499 -1.075557
0.052090 -0.345210 -0.062465 -0.315166 0.211276 -0.793324 0.119626 -0.080627 0.246702 1.749826
0.312852 -0.158415 -0.133185 0.188376 0.077535 -0.114660 0.011935 0.056391 0.360932 0.505770
-0.025856 -0.048342 -0.007118 0.020795 0.033784 -0.854058 0.056022 0.039918 0.108419 1.701702
0.062375 -0.113896 0.058258 0.075852 -0.054000 -0.253254 -0.046398 -0.024547 0.044180 -0.513175
-0.023508 -0.047143 -0.012551 0.022650 0.039674 -0.857787 0.063064 0.036634 0.111789 1.698470
0.059872 -0.109212 0.053806 0.069970 -0.052912 -0.264086 -0.044187 -0.030612 0.034313 -0.516158
-0.058238 0.027623 0.025953 0.043384 -0.061803 1.173121 0.089475 0.053589 0.169232 -1.291603
-0.162286 0.021497 0.003693 0.041961 -0.042051 -0.278298 0.186161 0.060079 0.260050 1.423740
-0.058238 0.027623 0.025953 0.043384 -0.061803 1.173121 0.089475 0.053589 0.169232 -1.291603
0.155773 -0.068521 0.046823 -0.119387 0.086457 0.679204 -0.084937 -0.010972 -0.042204 -1.145959
-0.245299 -0.085555 0.050964 0.300846 -0.210112 0.141650 0.128210 -0.050075 0.290214 -0.510458
0.004981 -0.106907 0.065176 0.123409 -0.105463 -0.417238 -0.001604 -0.023960 0.085725 -0.360143
0.250590 -0.175545 0.045849 0.088198 0.026485 -1.021558 -0.217988 0.000424 -0.078079 -0.268690
-0.162286 0.021497 0.003693 0.041961 -0.042051 -0.278298 0.186161 0.060079 0.260050 1.423740
0.309463 -0.013165 -0.097390 -0.072197 0.224967 0.873728 -0.013514 -0.114636 0.257553 -1.137436
0.073381 -0.025840 -0.234361 -0.093134 0.145064 -0.459583 0.043904 0.144293 0.209226 -0.386276
0.018663 -0.034245 0.033966 -0.004218 -0.008882 0.864971 0.007734 0.016996 0.076018 -1.159550
-0.002733 -0.082913 0.044738 0.100702 -0.081348 -0.460011 0.012758 0.006076 0.108524 0.078278
0.027972 -0.015015 0.040876 -0.012975 -0.005196 0.866191 0.019510 0.014680 0.089977 -1.165907
-0.002554 -0.090515 0.054572 0.097509 -0.069116 -0.458800 0.016332 -0.009341 0.105182 0.030333
