1.208392739295959473e+00 -3.206936419010162354e-01 1.871738672256469727e+00 5.850998163223266602e-01 3.089799880981445312e-01 -6.656154394149780273e-01 5.716933608055114746e-01 6.546515226364135742e-01
-4.745710492134094238e-01 -9.095647335052490234e-01 1.780279636383056641e+00 5.665701627731323242e-02 -6.570258736610412598e-02 1.470334768295288086e+00 4.857232868671417236e-01 1.935668289661407471e-02
-1.115800514817237854e-01 2.117157429456710815e-01 2.082069396972656250e+00 -8.525390028953552246e-01 -2.231574952602386475e-01 -1.418067216873168945e-01 -3.048843741416931152e-01 5.362316966056823730e-01
-9.295994043350219727e-01 2.823963463306427002e-01 1.763668060302734375e+00 1.230978965759277344e-01 8.168584853410720825e-02 -2.834708392620086670e-01 1.723940372467041016e-01 -6.495177745819091797e-01
5.498231053352355957e-01 2.964730858802795410e-01 1.850521326065063477e+00 1.968404650688171387e-01 1.745464056730270386e-01 9.230447411537170410e-01 -1.044714450836181641e+00 -6.301842927932739258e-01
5.828513205051422119e-02 -1.127419352531433105e+00 1.916205167770385742e+00 5.153557658195495605e-01 -4.915215075016021729e-01 7.519322633743286133e-02 -8.604514598846435547e-01 2.432799786329269409e-01
4.531449675559997559e-01 -9.948664903640747070e-01 1.703581690788269043e+00 -3.149394392967224121e-01 5.135049819946289062e-01 -4.719203710556030273e-01 -1.304525732994079590e-01 -8.571798801422119141e-01
-8.377326130867004395e-01 3.475946187973022461e-01 1.304161548614501953e-01 3.972325623035430908e-01 -6.826821565628051758e-01 -1.449941635131835938e+00 -1.662264317274093628e-01 1.114650070667266846e-01
-7.290565967559814453e-01 -1.378968358039855957e-02 -1.235810637474060059e+00 4.492557644844055176e-01 -5.218393802642822266e-01 8.277720808982849121e-01 1.238146662712097168e+00 -7.977693080902099609e-01
-8.356238603591918945e-01 6.425914168357849121e-02 -5.418393015861511230e-01 -1.153999090194702148e+00 3.394779860973358154e-01 2.158387899398803711e-01 4.257334023714065552e-02 3.047472238540649414e-01
-4.202007949352264404e-01 1.119766354560852051e+00 -3.890393078327178955e-01 -6.965517401695251465e-01 -3.864040672779083252e-01 5.680721998214721680e-01 -5.709723830223083496e-01 7.445107698440551758e-01
-2.445374727249145508e-01 -1.111295938491821289e+00 -1.380436897277832031e+00 1.117609143257141113e-01 2.947858870029449463e-01 -8.895300030708312988e-01 -4.801426827907562256e-02 -9.138290882110595703e-01
4.936515092849731445e-01 1.594639718532562256e-01 -1.203608989715576172e+00 -5.167844891548156738e-01 1.040482997894287109e+00 3.006659448146820068e-02 2.598299384117126465e-01 2.258771359920501709e-01
-4.352654814720153809e-01 4.255751967430114746e-01 -1.080750226974487305e+00 -3.638826012611389160e-01 8.652524948120117188e-01 -5.440770387649536133e-01 -7.089927196502685547e-01 -6.682047843933105469e-01
-2.868962585926055908e-01 -9.832340478897094727e-01 -1.079756736755371094e+00 4.546242654323577881e-01 -3.484874963760375977e-02 4.021182060241699219e-01 1.488743126392364502e-01 1.293114304542541504e+00
1.731744706630706787e-01 -2.179145514965057373e-01 -1.058397054672241211e+00 -6.726464629173278809e-01 -8.747659921646118164e-01 -1.093093529343605042e-01 7.537825703620910645e-01 4.001215696334838867e-01
-4.018660783767700195e-01 -3.555793464183807373e-01 -1.465591907501220703e+00 5.908807516098022461e-01 -7.210675477981567383e-01 3.695508837699890137e-01 -1.041375637054443359e+00 -2.765836715698242188e-01
9.817807674407958984e-01 2.908678650856018066e-01 -1.390928864479064941e+00 4.080307483673095703e-02 -3.627224862575531006e-01 -8.312049508094787598e-01 -8.111126422882080078e-01 4.627730250358581543e-01
9.764492511749267578e-01 -2.655866444110870361e-01 -1.515575408935546875e+00 7.926270365715026855e-01 -2.696815729141235352e-01 2.140671014785766602e-01 2.319301664829254150e-01 -1.436460167169570923e-01
-1.900868266820907593e-01 4.963619112968444824e-01 -1.237032532691955566e+00 1.003770351409912109e+00 3.473723232746124268e-01 -3.927860856056213379e-01 3.157365620136260986e-01 1.648900806903839111e-01
