7.945585765148743818e-02 -2.109667858611175006e-02 5.580173031344004553e-02 8.890257041836324703e-03 -3.490759980874424961e-02 1.078462449007293600e+00 -1.357080584378145272e-02 -6.857351362777097670e-03 5.171441820865196881e-02 -1.688939673445787548e+00
6.307262310288155871e-02 -2.937375107562366361e-02 4.887645130557148609e-02 1.811178611312142667e-02 -2.960993191627081522e-02 8.036691781582909755e-01 -5.475389039737123958e-03 -7.381637901161530735e-04 6.139041611699869172e-02 -1.269622181690285290e+00
4.668938855427567231e-02 -3.765082356513557715e-02 4.195117229770292666e-02 2.733331518440652516e-02 -2.431226402379738083e-02 5.288759073092883511e-01 2.620027764307204798e-03 5.381023782544791523e-03 7.106641402534541463e-02 -8.503046899347832532e-01
3.030615400566979284e-02 -4.592789605464749070e-02 3.502589328983437417e-02 3.655484425569162366e-02 -1.901459613132394644e-02 2.540826364602857823e-01 1.071544456835153182e-02 1.150021135520573612e-02 8.074241193369213754e-02 -4.309871981792810502e-01
1.392291945706391164e-02 -5.420496854415941118e-02 2.810061428196581473e-02 4.577637332697672562e-02 -1.371692823885051378e-02 -2.071063438871684204e-02 1.881086137239585884e-02 1.761939892786668072e-02 9.041840984203886045e-02 -1.166970642377889236e-02
-2.460315091541978236e-03 -6.248204103367132473e-02 2.117533527409725530e-02 5.499790239826183452e-02 -8.419260346377077653e-03 -2.955039052377195774e-01 2.690627817644019107e-02 2.373858650052762531e-02 1.000944077503855834e-01 4.076477853317234668e-01
-1.884354964014785250e-02 -7.075911352318323133e-02 1.425005626622870107e-02 6.421943146954692261e-02 -3.121592453903644995e-03 -5.702971760867220352e-01 3.500169498048451289e-02 2.985777407318856991e-02 1.097704056587323063e-01 8.269652770872254477e-01
-3.522678418875372502e-02 -7.903618601269514488e-02 7.324777258360146842e-03 7.344096054083201763e-02 2.176075438569787662e-03 -8.450904469357245485e-01 4.309711178452883817e-02 3.597696164584951450e-02 1.194464035670790292e-01 1.246282768842727373e+00
-5.161001873735961143e-02 -8.731325850220705842e-02 3.994982504915839394e-04 8.266248961211714041e-02 7.473743331043222055e-03 -1.119883717784727395e+00 5.119252858857317040e-02 4.209614921851045910e-02 1.291224014754257521e-01 1.665600260598229854e+00
-6.799325328596550477e-02 -9.559033099171898584e-02 -6.525780757376975494e-03 9.188401868340223544e-02 1.277141122351665992e-02 -1.394676988633730019e+00 5.928794539261750263e-02 4.821533679117140370e-02 1.387983993837724750e-01 2.084917752353732112e+00
