-4.247251981246716324e-01 -1.553327328587922329e-02 4.417939904752277158e-01 8.727838990198896751e-02
-3.330576491647071480e-01 5.976685265264491953e-02 3.844720719861037805e-01 9.807094498627577650e-02
-2.413901002047426914e-01 1.350669785911690346e-01 3.271501534969799008e-01 1.088635000705625716e-01
-1.497225512447782347e-01 2.103671045296931497e-01 2.698282350078560210e-01 1.196560551548493667e-01
-5.805500228481374342e-02 2.856672304682172925e-01 2.125063165187320580e-01 1.304486102391361757e-01
3.361254667515074790e-02 3.609673564067414353e-01 1.551843980296081504e-01 1.412411653234229847e-01
1.252800956351151629e-01 4.362674823452655226e-01 9.786247954048425679e-02 1.520337204077097937e-01
2.169476445950796473e-01 5.115676082837896654e-01 4.054056105136033539e-02 1.628262754919965749e-01
3.086151935550441316e-01 5.868677342223138638e-01 -1.678135743776359989e-02 1.736188305762833839e-01
4.002827425150086160e-01 6.621678601608379511e-01 -7.410327592688753517e-02 1.844113856605701929e-01
