9.192221164703369141e-01 1.016483306884765625e-01 -1.737757325172424316e-01 -3.833161890506744385e-01 2.141829967498779297e+00 -6.655051559209823608e-02 2.149893343448638916e-01 2.469854354858398438e-01 -1.169485449790954590e+00 -1.991062760353088379e-01
-1.646604835987091064e-01 -3.424504399299621582e-01 -1.990444660186767578e-01 2.290151417255401611e-01 3.150877237319946289e+00 2.717515230178833008e-01 2.517971098423004150e-01 8.289561271667480469e-01 4.464452862739562988e-01 -6.598405838012695312e-01
3.460334539413452148e-01 -7.605409622192382812e-02 3.951566219329833984e-01 5.105502009391784668e-01 3.162498235702514648e+00 3.555997610092163086e-01 -4.808881878852844238e-02 1.049551248550415039e+00 -1.749187111854553223e-01 4.295765757560729980e-01
-1.344613879919052124e-01 1.774569749832153320e+00 6.531071662902832031e-01 -4.758524298667907715e-01 4.272241294384002686e-01 1.489846229553222656e+00 -4.269748628139495850e-01 -1.174475193023681641e+00 -1.769151687622070312e-01 -2.567569017410278320e-01
-9.782473444938659668e-01 -5.617348551750183105e-01 -6.991952061653137207e-01 5.899012684822082520e-01 1.710554242134094238e+00 1.034178361296653748e-01 -2.064653337001800537e-01 -5.997060537338256836e-01 -3.155186176300048828e-01 -2.473746538162231445e-01
3.380060195922851562e-02 1.164190769195556641e+00 5.585770606994628906e-01 4.803624749183654785e-01 1.184223771095275879e+00 -7.861403226852416992e-01 -5.016769170761108398e-01 -9.822785854339599609e-01 -1.329241991043090820e-01 -5.106211900711059570e-01
6.969962716102600098e-01 -2.233757376670837402e-01 -7.079396247863769531e-01 -1.757105141878128052e-01 1.158239364624023438e+00 1.014876589179039001e-01 -2.220295369625091553e-01 -1.343225598335266113e+00 4.471957683563232422e-01 -1.087086796760559082e+00
-6.363368034362792969e-01 1.595546603202819824e-01 -1.351356506347656250e-03 -1.056308746337890625e+00 1.147537231445312500e+00 -4.946520924568176270e-01 2.752530872821807861e-01 -1.348314762115478516e+00 -4.027537107467651367e-01 -7.807960510253906250e-01
-1.421429365873336792e-01 4.852815270423889160e-01 -8.746472001075744629e-02 -3.436205387115478516e-01 1.396219611167907715e+00 2.580673992633819580e-01 9.371407032012939453e-01 -1.024449348449707031e+00 2.674034237861633301e-02 -8.116627931594848633e-01
5.720449686050415039e-01 -8.081199526786804199e-01 -8.152018189430236816e-01 3.410691916942596436e-01 4.843990504741668701e-01 -1.078384146094322205e-01 -8.331545591354370117e-01 1.305216073989868164e+00 7.808047533035278320e-01 1.153398990631103516e+00
-1.594097167253494263e-01 9.103387594223022461e-02 -3.141140341758728027e-01 -7.123917937278747559e-01 1.486990749835968018e-01 1.453122496604919434e-01 7.843908071517944336e-01 1.768126964569091797e+00 -2.013856470584869385e-01 1.124617695808410645e+00
4.244171380996704102e-01 -5.657817721366882324e-01 4.597142338752746582e-01 -2.122060507535934448e-01 2.882162034511566162e-01 -2.210962772369384766e-01 -6.264228820800781250e-01 1.814088821411132812e+00 -1.442382931709289551e-01 8.073629140853881836e-01
-1.069184541702270508e-01 -4.116785526275634766e-02 2.684597373008728027e-01 6.831187605857849121e-01 4.094862639904022217e-01 4.521457850933074951e-01 2.202688753604888916e-01 1.571357488632202148e+00 -4.463773965835571289e-01 1.178168296813964844e+00
1.642408967018127441e-01 -5.065080523490905762e-01 -4.217892885208129883e-01 6.831784844398498535e-01 -1.865820884704589844e+00 -5.789149999618530273e-01 -2.594465911388397217e-01 1.682739257812500000e-01 -9.216424822807312012e-02 7.833111882209777832e-01
2.880364358425140381e-01 2.074989080429077148e-01 1.484783887863159180e-01 -5.182714462280273438e-01 -2.284222602844238281e+00 -2.006693482398986816e-01 1.731835901737213135e-01 3.220026493072509766e-01 -6.868428587913513184e-01 -3.015608787536621094e-01
-6.162347197532653809e-01 4.262208938598632812e-03 -1.897735297679901123e-01 -4.059535264968872070e-02 -2.008006095886230469e+00 7.230179905891418457e-01 4.884289801120758057e-01 3.213566541671752930e-02 1.436696350574493408e-01 5.680340528488159180e-01
5.654620528221130371e-01 9.705138206481933594e-01 -9.613054394721984863e-01 -2.446123957633972168e-01 -7.047860622406005859e-01 -4.785246551036834717e-01 -7.780727744102478027e-02 -1.254671812057495117e+00 -1.745845079421997070e-01 -7.878698110580444336e-01
-4.105640053749084473e-01 -4.200293421745300293e-01 1.299631595611572266e-01 8.001068234443664551e-01 -5.006955862045288086e-01 -3.600700199604034424e-01 9.922080039978027344e-01 -1.290477633476257324e+00 6.696639955043792725e-02 -4.732301235198974609e-01
-9.470421075820922852e-02 -3.396075367927551270e-01 -3.627960383892059326e-02 2.417517900466918945e-01 -9.794974327087402344e-01 -6.816820055246353149e-02 1.342335343360900879e-02 -4.210650920867919922e-03 3.810792863368988037e-01 -1.684545636177062988e+00
-2.827770411968231201e-01 -2.467525005340576172e-02 5.210871100425720215e-01 -3.270989656448364258e-01 -5.826530456542968750e-01 -1.341581344604492188e-01 -5.371540784835815430e-03 -8.143271803855895996e-01 -1.178269743919372559e+00 -1.085462212562561035e+00
