1.673083055838537891e+00 1.342004948277326637e+00 -1.816308704264361085e+00 -5.009429626346048048e-01
1.290481026826958644e+00 1.140204815831024732e+00 -1.394793547399750366e+00 -5.411855345026550523e-01
9.078789978153789519e-01 9.384046833847223823e-01 -9.732783905351394260e-01 -5.814281063707054109e-01
5.252769688037994822e-01 7.366045509384203660e-01 -5.517632336705284857e-01 -6.216706782387557695e-01
1.426749397922200957e-01 5.348044184921183497e-01 -1.302480768059176286e-01 -6.619132501068061281e-01
-2.399270892193595128e-01 3.330042860458161669e-01 2.912670800586933950e-01 -7.021558219748564866e-01
-6.225291182309388160e-01 1.312041535995141506e-01 7.127822369233041133e-01 -7.423983938429068452e-01
-1.005131147242518175e+00 -7.059597884678781021e-02 1.134297393787914832e+00 -7.826409657109572038e-01
-1.387733176254097645e+00 -2.723961112930900486e-01 1.555812550652525772e+00 -8.228835375790075624e-01
-1.770335205265677558e+00 -4.741962437393922869e-01 1.977327707517137156e+00 -8.631261094470579209e-01
