2.605011045784534351e-01 -1.783742600551363466e-01 3.777976030257022139e-02 -9.208234189700427175e-01
1.922904072481507742e-01 -4.145125183663367352e-02 4.650910407202392405e-02 -8.674963462003186798e-01
1.240797099178481133e-01 9.547175638186899960e-02 5.523844784147761283e-02 -8.141692734305946422e-01
5.586901258754546629e-02 2.323947646003716172e-01 6.396779161093130162e-02 -7.608422006608706045e-01
-1.234168474275720850e-02 3.693177728188742903e-01 7.269713538038501122e-02 -7.075151278911465669e-01
-8.055238207305988329e-02 5.062407810373770189e-01 8.142647914983870694e-02 -6.541880551214225292e-01
-1.487630794033625026e-01 6.431637892558795810e-01 9.015582291929240266e-02 -6.008609823516984916e-01
-2.169737767336652190e-01 7.800867974743823652e-01 9.888516668874609838e-02 -5.475339095819744539e-01
-2.851844740639678522e-01 9.170098056928849273e-01 1.076145104581997941e-01 -4.942068368122504163e-01
-3.533951713942704576e-01 1.053932813911387267e+00 1.163438542276534760e-01 -4.408797640425263786e-01
