0.016153 -1.181158 -0.061927 0.035551 0.151328 0.057206 -1.240392 0.278523 0.187525 0.067375
-0.025324 1.368773 -0.079041 -0.001726 0.172948 0.009168 0.680113 0.383011 0.129901 0.088573
0.016153 -1.181158 -0.061927 0.035551 0.151328 0.057206 -1.240392 0.278523 0.187525 0.067375
0.122112 -0.938131 0.095358 -0.122515 -0.030566 0.110271 -0.858273 0.063092 0.149168 0.096912
-0.152421 -0.646504 -0.233463 0.046791 0.274738 -0.112656 0.069598 -0.306634 -0.052837 -0.056255
0.004903 -0.452150 -0.040769 -0.121225 0.059953 -0.008648 0.535717 -0.666682 -0.017206 0.029134
0.036790 -0.104694 0.080812 -0.217676 -0.147555 0.013333 0.901897 -0.883900 -0.030081 0.102190
-0.025324 1.368773 -0.079041 -0.001726 0.172948 0.009168 0.680113 0.383011 0.129901 0.088573
0.123158 -0.690866 -0.048280 0.012228 -0.180692 0.098415 -0.713746 0.262744 0.213336 -0.060017
0.029522 -0.219221 0.138082 0.134836 0.012594 0.184143 0.309353 -0.688962 -0.150177 0.086476
0.048027 -1.031588 0.004487 -0.042736 0.083698 0.066191 -0.970999 0.137337 0.158578 0.064275
-0.005869 0.130563 -0.040602 -0.089791 0.075632 -0.003841 0.613750 -0.378945 0.022160 0.055353
0.058047 -1.030405 -0.008016 -0.030052 0.068406 0.072677 -0.969699 0.136896 0.146425 0.079701
0.003161 0.139980 -0.039566 -0.099358 0.071709 0.002448 0.618806 -0.361115 0.030586 0.054331
