-0.608821 -0.042663 -0.383523 0.474990 -0.635276 -0.173320 0.565863 -0.955400 -0.099545 0.076288
0.499113 -0.288074 0.324233 0.385611 0.420164 -0.133965 -0.355553 1.515265 -0.923818 1.151961
-0.858438 0.030820 -0.212492 0.516726 1.368864 -0.107794 -0.606227 -1.215754 0.670735 -0.496711
-0.410902 0.526578 -0.082763 -0.069386 -0.719976 0.513059 0.388859 -0.420089 -0.284238 -1.920478
0.618834 -0.467187 0.081707 0.415912 2.868128 -0.534704 -0.756256 0.575722 -0.182916 -0.202996
-0.098448 0.296411 -0.149039 -0.308978 -2.039302 -0.634356 0.783571 0.141016 -0.557021 0.973144
-0.182790 0.262455 0.663484 -0.237573 1.867365 -0.808808 0.024824 -0.755877 -1.065579 -0.890859
-0.159410 0.091034 -0.314114 -0.712392 0.148699 0.145312 0.784391 1.768127 -0.201386 1.124618
0.579626 -0.425423 -0.491948 0.172083 -2.079570 -0.460545 -0.331093 -0.302678 0.994661 0.617707
-0.369392 -0.091652 -0.188958 0.550553 3.093939 0.147688 0.897063 0.712777 0.247052 0.297324
-0.128712 0.029660 0.061026 0.071274 -2.340703 -0.113468 -0.228302 1.161189 0.112067 -1.311460
0.516507 -0.529801 -0.679427 0.300302 0.424285 0.114032 -0.175535 1.443683 0.796569 1.377428
0.668293 -0.921163 -0.559003 0.550406 0.036781 0.349927 0.076865 -1.038822 0.301378 -0.818030
-0.332496 -0.491434 -0.530954 -1.161187 1.503073 -0.199963 0.391345 -1.007334 0.100852 -0.712040
0.951563 1.254540 -0.334180 -0.820542 1.650711 -0.464887 0.035465 -0.598655 -0.526184 -0.884494
-0.255805 -0.012634 0.108390 -0.332496 -0.608109 -0.743674 -0.299608 -1.264603 -0.479385 -0.365932
0.229582 -0.553988 0.971137 0.697176 -1.936447 -0.082855 -0.164381 -0.131807 -0.100639 0.331513
0.301132 0.091342 0.460627 -0.369666 2.515671 0.224589 0.402019 0.917205 0.102085 -1.446198
-0.825841 1.096316 1.292590 -0.293348 0.768318 1.008060 -0.298734 -1.674987 -0.255366 -0.341182
-0.616235 0.004262 -0.189774 -0.040595 -2.008006 0.723018 0.488429 0.032136 0.143670 0.568034
