-3.209069524909223259e-01 1.267668411660892447e-01 4.000335617839146929e-01 2.495323878136738727e-01
-2.531188131298571231e-01 1.736214317024125653e-01 3.604822338539726001e-01 2.372870485965312692e-01
-1.853306737687918926e-01 2.204760222387359136e-01 3.209309059240305628e-01 2.250417093793886658e-01
-1.175425344077267176e-01 2.673306127750592065e-01 2.813795779940885255e-01 2.127963701622460346e-01
-4.975439504666148705e-02 3.141852033113825549e-01 2.418282500641464883e-01 2.005510309451034312e-01
1.803374431440373654e-02 3.610397938477059032e-01 2.022769221342044510e-01 1.883056917279608000e-01
8.582188367546887686e-02 4.078943843840291961e-01 1.627255942042624415e-01 1.760603525108181966e-01
1.536100230365340935e-01 4.547489749203525444e-01 1.231742662743203764e-01 1.638150132936755932e-01
2.213981623975993240e-01 5.016035654566759483e-01 8.362293834437833917e-02 1.515696740765329897e-01
2.891863017586645546e-01 5.484581559929992967e-01 4.407161041443627414e-02 1.393243348593903586e-01
