0.123158 -0.690866 -0.048280 0.012228 -0.180692 0.098415 -0.713746 0.262744 0.213336 -0.060017
0.029522 -0.219221 0.138082 0.134836 0.012594 0.184143 0.309353 -0.688962 -0.150177 0.086476
-0.098959 1.767626 0.270929 0.083006 -0.122428 -0.260391 1.006814 0.393028 -0.143021 0.142414
0.313353 -1.147472 0.003568 -0.195902 -0.169003 0.207033 -1.668993 0.444821 0.382398 0.222803
0.078237 -1.057447 0.013391 -0.050210 0.066312 0.094088 -1.042035 0.175294 0.182735 0.086332
-0.289071 -1.051015 -0.033095 0.197534 0.351305 -0.122521 -0.469269 -0.098155 -0.108602 -0.128229
0.157970 -0.381880 -0.052747 -0.250254 -0.059732 0.068710 0.336406 -0.513742 0.079570 0.095666
-0.190849 -0.291483 -0.033843 0.048895 0.197938 -0.107485 0.833262 -0.765143 -0.130445 -0.040906
0.130554 1.478844 -0.007394 -0.175782 -0.010220 0.108494 0.732383 0.306033 0.214722 0.152205
-0.090851 1.700732 -0.010032 0.018686 0.137397 0.008035 1.269687 0.133511 0.097841 0.024991
-0.312216 1.878108 -0.036725 0.185677 0.229542 -0.098313 1.905475 -0.243274 0.065615 -0.055840
