-3.588752942675549895e-01 4.664717440946546390e-01 1.438106644396587308e-01 -2.122585526231702824e-01 3.111246803943858441e-01 5.176547981314450625e-02 6.189480616364094467e-02 -1.671311779049881485e+00 -2.556052077177171644e-01 -1.108338660339690751e+00
-2.785524373931700381e-01 3.448405941597059710e-01 9.809626986542954730e-02 -1.559112358023924394e-01 2.993395847182782066e-01 3.790970779900500881e-02 4.536543142997118833e-02 -1.284103989662298995e+00 -2.055364293860038882e-01 -8.731358377885031219e-01
-1.982295805187851423e-01 2.232094442247572474e-01 5.238187529120033603e-02 -9.956391898161456866e-02 2.875544890421705690e-01 2.405393578486551831e-02 2.883605669630143198e-02 -8.968962002747162821e-01 -1.554676510542906120e-01 -6.379330152373153817e-01
-1.179067236444002603e-01 1.015782942898085517e-01 6.667480716971166399e-03 -4.321660216083675343e-02 2.757693933660629315e-01 1.019816377072603128e-02 1.230668196263168257e-02 -5.096884108871339025e-01 -1.053988727225773636e-01 -4.027301926861278636e-01
-3.758386677001532977e-02 -2.005285564514018570e-02 -3.904691385725801711e-02 1.313071465994109996e-02 2.639842976899552385e-01 -3.657608243413463557e-03 -4.222692771038073778e-03 -1.224806214995512454e-01 -5.533009439086408743e-02 -1.675273701349401789e-01
4.273899010436955220e-02 -1.416840055800888676e-01 -8.476130843148718674e-02 6.947803148071893253e-02 2.521992020138476009e-01 -1.751338025755295319e-02 -2.075206750470782319e-02 2.647271678880311896e-01 -5.261316059150832058e-03 6.767545241624736696e-02
1.230618469787544689e-01 -2.633151555150375911e-01 -1.304757030057163703e-01 1.258253483014967755e-01 2.404141063377399634e-01 -3.136915227169244369e-02 -3.728144223837757953e-02 6.519349572756137912e-01 4.480746227256245107e-02 3.028782749674350239e-01
2.033847038531393925e-01 -3.849463054499863146e-01 -1.761900975799455815e-01 1.821726651222746185e-01 2.286290106616323259e-01 -4.522492428583194113e-02 -5.381081697204733588e-02 1.039142746663196393e+00 9.487624060427571338e-02 5.380810975186226530e-01
2.837075607275243438e-01 -5.065774553849350381e-01 -2.219044921541747650e-01 2.385199819430524892e-01 2.168439149855246884e-01 -5.908069629997143163e-02 -7.034019170571709223e-02 1.426350536050778883e+00 1.449450189359889896e-01 7.732839200698103932e-01
3.640304176019092397e-01 -6.282086053198837616e-01 -2.676188867284039485e-01 2.948672987638303322e-01 2.050588193094170508e-01 -7.293646831411092213e-02 -8.686956643938684164e-02 1.813558325438361596e+00 1.950137972677022657e-01 1.008486742620998022e+00
