2.121455229214452842e-02 3.263185187291650635e-02 -1.794547210185463371e+00 1.319117722162608253e-01 -3.862546911487962920e-02 -1.526111345080352066e-01 -5.991148262150014503e-02 -9.816494958116761538e-03
1.793463029325065294e-03 -5.663055127593741300e-03 -1.345639456447317306e+00 1.133588613415803248e-01 -4.295006063252334444e-02 -1.253557451626047814e-01 -7.123486788636362865e-02 -8.515690163138529833e-04
-1.762762623349440477e-02 -4.395796212810400283e-02 -8.967317027091713522e-01 9.480595046689982430e-02 -4.727465215016705274e-02 -9.810035581717437003e-02 -8.255825315122712615e-02 8.113356925489052102e-03
-3.704871549631386790e-02 -8.225286912861425048e-02 -4.478239489710252874e-01 7.625303959221933769e-02 -5.159924366781076799e-02 -7.084496647174395867e-02 -9.388163841609060978e-02 1.707828286729196066e-02
-5.646980475913333103e-02 -1.205477761291244981e-01 1.083804767120694068e-03 5.770012871753883721e-02 -5.592383518545448323e-02 -4.358957712631353343e-02 -1.052050236809541073e-01 2.604320880909486574e-02
-7.589089402195281497e-02 -1.588426831296347874e-01 4.499915585052669531e-01 3.914721784285833672e-02 -6.024842670309819848e-02 -1.633418778088310472e-02 -1.165284089458175909e-01 3.500813475089777776e-02
-9.531198328477226422e-02 -1.971375901301450073e-01 8.988993122434126848e-01 2.059430696817785011e-02 -6.457301822074190678e-02 1.092120156454729624e-02 -1.278517942106810745e-01 4.397306069270068285e-02
-1.147330725475917135e-01 -2.354324971306552272e-01 1.347807065981558416e+00 2.041396093497356568e-03 -6.889760973838561509e-02 3.817659090997770066e-02 -1.391751794755445581e-01 5.293798663450358100e-02
-1.341541618104111766e-01 -2.737274041311654749e-01 1.796714819719704703e+00 -1.651151478118315086e-02 -7.322220125602932339e-02 6.543198025540813978e-02 -1.504985647404080695e-01 6.190291257630649302e-02
-1.535752510732306675e-01 -3.120223111316757780e-01 2.245622573457850990e+00 -3.506442565586365134e-02 -7.754679277367304557e-02 9.268736960083856502e-02 -1.618219500052715532e-01 7.086783851810940504e-02
