0.241044 0.584588 0.039003 0.447345 -0.494320 1.345821 -0.477786 0.280879 -0.808818 -0.812069
0.750791 -0.097457 -0.655126 -0.401233 0.688012 0.696006 0.569541 0.904487 -0.007416 -0.982989
-0.883609 0.304053 0.286009 -0.539052 -0.056134 -0.399801 -0.173741 0.650388 -0.074996 1.739831
0.503642 -0.085193 1.161711 0.501967 -0.802662 -0.963942 0.552945 -0.306368 -0.460529 1.913299
0.105477 0.358281 -0.603606 0.359164 -0.399673 -0.473455 -0.808372 -0.136601 1.118712 2.047635
-0.853095 0.479235 0.602252 -0.424419 0.791803 0.980923 -0.119218 0.064665 0.196548 -1.097534
0.162655 0.242029 0.984407 -0.044788 0.366363 -0.601102 0.541771 -0.492495 1.414859 1.655194
0.437352 -0.364160 0.621007 0.427034 0.765959 0.831685 0.749216 -0.741728 0.998027 -1.085811
-0.753232 -0.691702 -0.798218 0.517153 -0.623205 0.537956 0.902679 -1.074653 -0.069560 -1.043641
-0.106981 -0.443990 -0.104031 1.623019 -0.100251 -0.679256 -0.227044 0.405248 -0.027873 -0.521377
0.080547 -0.334815 -0.347658 1.243448 0.115457 -1.363875 -0.200445 0.773488 0.510774 1.358314
-0.084087 0.639585 0.144206 0.449241 -0.365075 -0.519952 0.735580 0.124360 0.259246 -0.381054
-0.445732 -0.977715 -0.560323 0.137514 0.361410 -0.758088 0.811609 -0.409223 0.125086 1.622077
-0.289801 0.490860 -0.246327 0.005749 -1.008940 1.102041 -0.685069 0.420779 1.274904 -1.007668
-0.073227 -0.970232 0.897601 -0.276083 -0.371565 -0.119046 -0.445865 -0.063399 -0.880107 -0.525685
0.573490 0.023739 -0.809204 -0.613295 0.129530 -0.312692 -0.347832 -0.732913 -0.037020 -0.569277
0.643733 -0.419597 0.350466 -0.057022 0.561282 0.956731 -0.367044 -0.364735 -0.513399 -1.114787
-0.017331 -0.575733 0.195620 -0.084830 0.991473 -1.087371 -1.228281 0.305349 -0.063266 1.443110
0.799302 0.549897 -0.685625 -0.382356 -0.076389 -1.168192 0.240630 0.332098 -0.147847 1.636617
0.479909 0.845072 0.342977 -0.787602 -0.271575 1.300986 0.335749 -0.745237 0.152606 -0.761175
