3.396627017037698870e-01 -9.517186108802953015e-01 8.535189735550388623e-02 9.555319661361991734e-01 5.247832104091409988e-01 -8.209519026649286788e-02 8.598705550322671698e-02 -9.484164730272457433e-01
2.508560189428997167e-01 -7.680341630340695724e-01 8.165432317431449427e-02 7.551062171473369444e-01 3.954076102528960579e-01 -7.261205993016331406e-02 4.305940162592028497e-02 -7.312595228344653808e-01
1.620493361820296019e-01 -5.843497151878437323e-01 7.795674899312510231e-02 5.546804681584747154e-01 2.660320100966510615e-01 -6.312892959383376024e-02 1.317477486138529663e-04 -5.141025726416850183e-01
7.324265342115945931e-02 -4.006652673416179478e-01 7.425917481193571035e-02 3.542547191696125419e-01 1.366564099404061206e-01 -5.364579925750419948e-02 -4.279590612869257904e-02 -2.969456224489046003e-01
-1.556402933971069713e-02 -2.169808194953921909e-01 7.056160063074631839e-02 1.538289701807503684e-01 7.280809784161165754e-03 -4.416266892117464565e-02 -8.572356000599901105e-02 -7.978867225612425174e-02
-1.043707121005808536e-01 -3.329637164916640635e-02 6.686402644955692642e-02 -4.659677880811184669e-02 -1.220947903720837890e-01 -3.467953858484508489e-02 -1.286512138833054431e-01 1.373682779366561246e-01
-1.931773948614509961e-01 1.503880761970593505e-01 6.316645226836752058e-02 -2.470225277969740341e-01 -2.514703905283287577e-01 -2.519640824851553107e-02 -1.715788677606118751e-01 3.545252281294364871e-01
-2.819840776223210832e-01 3.340725240432850240e-01 5.946887808717813556e-02 -4.474482767858360965e-01 -3.808459906845736431e-01 -1.571327791218598072e-02 -2.145065216379182793e-01 5.716821783222167941e-01
-3.707907603831913090e-01 5.177569718895109752e-01 5.577130390598873666e-02 -6.478740257746984366e-01 -5.102215908408186396e-01 -6.230147575856416486e-03 -2.574341755152247391e-01 7.888391285149972676e-01
-4.595974431440614794e-01 7.014414197357368153e-01 5.207372972479934470e-02 -8.482997747635607766e-01 -6.395971909970636915e-01 3.252982760473144275e-03 -3.003618293925311988e-01 1.005996078707777741e+00
