1.447484456002712250e-02 2.047952637076377869e-02 2.138511538505554199e-01 4.340560436248779297e-01
7.708235830068588257e-02 2.351377010345458984e-01 2.108730375766754150e-01 2.598221600055694580e-01
8.753022551536560059e-02 3.068884015083312988e-01 2.870313823223114014e-01 5.142343640327453613e-01
1.243657469749450684e-01 3.597739934921264648e-01 -6.158861517906188965e-02 4.629700779914855957e-01
-1.011823564767837524e-01 5.595877170562744141e-01 -4.028655588626861572e-02 3.148431777954101562e-01
-1.584768891334533691e-01 3.712949454784393311e-01 1.017609834671020508e-01 5.139962434768676758e-01
-3.309811055660247803e-01 4.533656537532806396e-01 4.837022721767425537e-01 4.040607213973999023e-01
-9.456347674131393433e-02 6.617428064346313477e-01 2.918213307857513428e-01 5.704603195190429688e-01
-2.697488367557525635e-01 7.057927846908569336e-01 3.152786195278167725e-01 -1.232833229005336761e-02
1.701683700084686279e-01 7.082158327102661133e-01 4.052540659904479980e-01 2.468368262052536011e-01
2.548914868384599686e-03 5.005486011505126953e-01 2.681543529033660889e-01 1.353399604558944702e-01
1.606014668941497803e-01 4.423647522926330566e-01 2.043389081954956055e-01 -2.357552498579025269e-01
4.195864498615264893e-01 4.902938306331634521e-01 8.136296272277832031e-02 7.603458315134048462e-02
2.539039850234985352e-01 6.064041703939437866e-02 1.773143112659454346e-01 -3.327897936105728149e-02
-1.218667626380920410e-01 2.064601629972457886e-01 5.646653845906257629e-02 2.326922491192817688e-03
3.761776536703109741e-02 3.629476428031921387e-01 -9.270393103361129761e-02 8.075822889804840088e-02
1.131845861673355103e-01 2.091720104217529297e-01 5.374020934104919434e-01 1.147148013114929199e-01
-6.502975523471832275e-02 1.636060923337936401e-01 5.206109285354614258e-01 -2.047877311706542969e-01
-3.263819217681884766e-01 2.020058929920196533e-01 3.349392712116241455e-01 1.171265095472335815e-01
-1.839276850223541260e-01 -2.238183319568634033e-01 2.783550322055816650e-01 4.503011703491210938e-02
